%% stage 46 ground truth spike times

% key
cellid = {'e50t1c1', 'e50t2t1', 'e50t2c2', 'e50t2c2', 'e50t2c3', 'e50t2c4', 'e51t1c1', 'e51t1c2', ...
    'e51t1c3', 'e51t1c4', 'e51t1c5', 'e51t1c6', 'e51t1c7'}

% stim artifact time
artifact_s = 2.319

%% spike times
%% e50t1c1
spikeTimes{1}{1} = -8.30969
spikeTimes{1}{2} = []
spikeTimes{1}{3} = []
spikeTimes{1}{4} = []
spikeTimes{1}{5} = []
%% e50t2c1
spikeTimes{2}{1} = [2.3545 2.5172 2.8453 4.7896 5.3873]
spikeTimes{2}{2} = [1.4472
2.3463
2.4689
2.672
2.9415
4.4275
5.2022]
spikeTimes{2}{3} = [2.3439
2.5153
2.7964
3.2534
4.9378]
spikeTimes{2}{4} = [2.3752
2.8364
4.3856
6.379]
spikeTimes{2}{5} = [2.3485
2.498
2.704
4.013]
spikeTimes{2}{6} = [2.3207
2.3719
2.4746
2.6648
4.0258
4.6621
5.1714
6.8861]
spikeTimes{2}{7} = [2.3562
2.536
2.7914
3.2986
4.8209
5.2073]
spikeTimes{2}{8} = [2.3463
2.5281
2.7848
3.5197
4.2988
5.6282
6.7994]
spikeTimes{2}{9} = [0.1053
2.34
2.4596
2.7225
3.6272
4.5311]
spikeTimes{2}{10} = [2.301
2.5325
2.842
3.5131]
spikeTimes{2}{11} = [2.3683
2.7466
4.0074]
spikeTimes{2}{12} = [0.4572
2.199
2.4697
3.6577
4.7449
5.4007
6.8661]
spikeTimes{2}{13} = [0.3442
1.7127
2.3939
2.8809
3.4627
3.7876
4.5591
4.9469
6.0386
6.4532]
spikeTimes{2}{14} = [0.05
1.2721
1.4406
2.0969
2.3598
3.075
3.3495
3.7742
4.2004
5.0534
5.5635
5.968]
spikeTimes{2}{15} = [1.6413
1.8028
1.9356
2.1398
2.3522
2.4969
2.745
3.0176
3.2193
4.0166
4.8074
5.6836
6.0181
6.5636
6.905]
spikeTimes{2}{16} = [2.3422
2.6214
2.9883
3.418
3.6228
4.0852
4.4594
5.0888
5.9844
6.3372
6.6699]
spikeTimes{2}{17} = [0.440258
0.814477
1.29876
1.60694
1.97015
2.19028
2.5535
2.83966
3.33495
3.7532
4.42459
4.83183
5.17303
5.70134
6.33971]
spikeTimes{2}{18} = []
spikeTimes{2}{19} = [5.16411]
spikeTimes{2}{20} = [2.54249]
%% e50t2c2
spikeTimes{3}{1} = [2.35361
2.47995
2.53553
2.59112
2.65428
2.73261
2.86905]
spikeTimes{3}{2} = [2.3342
2.41796
2.48676
2.54659
2.6124
2.68121
2.77693
3.98549]
spikeTimes{3}{3} = [2.38094
2.45689
2.51819
2.59148
2.69942]
spikeTimes{3}{4} = [1.75001
2.36151
2.44475
2.49917
2.56641
2.64324
2.77771]
spikeTimes{3}{5} = [2.37436
2.46602
2.52903
2.60922
2.71233
5.78264]
spikeTimes{3}{6} = [2.35233
2.43824
2.50393
2.57215
2.65679
2.77049]
spikeTimes{3}{7} = [2.45461
2.53686
2.61997]
spikeTimes{3}{8} = [2.43848
2.49801
2.60219
2.69893
5.17694
5.31833
5.46716
6.46431
6.58338]
spikeTimes{3}{9} = [0.634844
0.764429
2.46897
2.53875
2.6185
2.73811
2.87767
3.92432
4.16355
4.87129
6.73532]
spikeTimes{3}{10} = [0.359804
2.07947
2.40531
2.50487
2.59538
2.66778
3.3285
3.60003
3.90776
4.8762
5.8718]
spikeTimes{3}{11} = [2.0277
2.1127
2.8663
2.9637
3.7183
5.0038
5.5259
6.2826]
spikeTimes{3}{12} = [2.4429]
spikeTimes{3}{13} = []
spikeTimes{3}{14} = [0.1731
0.3322
0.4377
0.5847
1.677
1.836
2.3681
3.02
3.9251
5.7485
6.5149]
spikeTimes{3}{15} = [1.6739
2.1692
2.374
4.1541
5.5708]
spikeTimes{3}{16} = [2.4385
5.8774
6.2714]
spikeTimes{3}{17} = [2.3832
6.1033
6.6782]
spikeTimes{3}{18} = []
spikeTimes{3}{19} = [0.887
1.1208
1.4259
3.1764]
spikeTimes{3}{20} = [2.5516]
spikeTimes{3}{21} = [2.357]
spikeTimes{3}{22} = [0.3831
0.5631
2.0787
2.3593
2.8401
3.1918
4.4299]
spikeTimes{3}{23} = [1.0809
2.4433
4.9814 ]
spikeTimes{3}{24} = [0.353
0.9078
1.575
2.1466
2.396
2.695
3.0132
3.1469
3.3121
4.7198
5.9342]
spikeTimes{3}{25} = [1.022
1.2082
2.5078]
spikeTimes{3}{26} = [1.8758]
spikeTimes{3}{27} = [0.0528
1.5617
2.3615]
spikeTimes{3}{28} = [2.5699
4.324
5.2651
6.2598
6.9107]
spikeTimes{3}{29} = [0.194
0.2568
2.3866]
spikeTimes{3}{30} = [2.5959
3.5404
4.7503
6.0575]
spikeTimes{3}{31} = [1.1071
1.6604
2.8436
3.849
4.2405
4.9732
5.9379
6.2212
6.6645
6.6669]
spikeTimes{3}{32} = [0.9866
1.4712
2.2605
3.5299
4.5265
5.3066
6.0597
6.5049]
spikeTimes{3}{33} = [0.7429
1.3721
1.7366
3.1244
3.9157
4.3228
5.2221
5.5431
6.206]
spikeTimes{3}{34} = [0.5755
0.8406
0.9535
2.0409
2.3818
2.5476
3.2826
3.5504
4.043
4.5886
4.77
5.098
6.1815]
spikeTimes{3}{35} = [0.2573
1.587
2.4628
3.4058]
spikeTimes{3}{36} = [0.8495
1.968
2.1848
3.287
3.4339
4.6035
5.7693]
spikeTimes{3}{37} = [0.2257
1.3693
6.0102]
spikeTimes{3}{38} = [1.4441
2.7333
4.3839
6.5799]
spikeTimes{3}{39} = [1.6261
3.3176
4.3945
6.8427]
spikeTimes{3}{40} = [0.1989
2.2888
3.2982
4.6523
5.5261
6.6235]
spikeTimes{3}{41} = [6.4093]
spikeTimes{3}{42} = [3.227]
spikeTimes{3}{43} = []
spikeTimes{3}{44} = []
spikeTimes{3}{45} = []
spikeTimes{3}{46} = [5.4441]
spikeTimes{3}{47} = []
spikeTimes{3}{48} = [0.1532
4.8131
5.7855
6.576]
spikeTimes{3}{49} = [0.7564
2.2136
4.7936]
spikeTimes{3}{50} = [0.1691
2.394
2.6564]

%% e50t2c3
spikeTimes{4}{1} = [0.2867
2.3907
2.6476
2.8991
3.081
3.082
3.3171
3.627
4.9934]
spikeTimes{4}{2} = [0.5771
2.3485
2.5075
2.7116
2.8776
3.0655
5.6097
6.1477]
spikeTimes{4}{3} = [2.3544
2.5528
2.7428
3.0112
6.9978 ]
spikeTimes{4}{4} = [2.4345]
spikeTimes{4}{5} = [2.5819]
spikeTimes{4}{6} = [2.424
2.594]
spikeTimes{4}{7} = [2.4932]
spikeTimes{4}{8} = [2.7201]
spikeTimes{4}{9} = [2.533]
spikeTimes{4}{10} = [2.5206]
spikeTimes{4}{11} = [2.4255
2.6231
2.8791]
spikeTimes{4}{12} = [2.6266
]
spikeTimes{4}{13} = [2.4463
2.6797
3.0191]
spikeTimes{4}{14} = [2.5539
2.7775]
spikeTimes{4}{15} = [2.5276]
spikeTimes{4}{16} = [2.4512
2.9477]
spikeTimes{4}{17} = [2.5266]
spikeTimes{4}{18} = [2.4679]
spikeTimes{4}{19} = [2.4244]
spikeTimes{4}{20} = [2.4776]
spikeTimes{4}{21} = [2.3867
2.5383
2.7321
3.0385]
spikeTimes{4}{22} = [2.3459
2.416
2.5776
2.7631
2.9999
3.6147
5.6179
5.8349
6.1501]
spikeTimes{4}{23} = [ 2.355
2.5053
2.7348
3.039]
spikeTimes{4}{24} = [2.3618
2.5467
2.7731
3.303
]
spikeTimes{4}{25} = [2.3618
2.469
]
spikeTimes{4}{26} = [2.4153
2.7274
3.2157]
spikeTimes{4}{27} = [2.3678
2.5522]
spikeTimes{4}{28} = [2.5135
2.9081]
spikeTimes{4}{29} = [2.3834
2.6771]
spikeTimes{4}{30} = [2.3981
2.6656]
spikeTimes{4}{31} = []
spikeTimes{4}{32} = []
spikeTimes{4}{33} = []
spikeTimes{4}{34} = [2.3421
3.9022]
spikeTimes{4}{35} = [4.4309
5.702]
spikeTimes{4}{36} = []
spikeTimes{4}{37} = []
spikeTimes{4}{38} = []
spikeTimes{4}{39} = [0.379
1.5116
1.8496
2.0524
2.7037
2.9376
3.4399
3.7998
5.4565
5.9167
6.9392]
spikeTimes{4}{40} = [0.2224
0.5807
1.9088
2.3442
2.6822
3.1447
5.3648
6.3976
6.6613
6.8604]

%% e50t2c4
spikeTimes{5}{1} = [2.5481
2.8138
2.9725
3.2028]
spikeTimes{5}{2} = [2.4983
2.8687]
spikeTimes{5}{3} = [2.4352
2.6556
2.9633 ]
spikeTimes{5}{4} = [2.5395
3.1566]
spikeTimes{5}{5} = [2.4158
2.6786
2.9365
]
spikeTimes{5}{6} = [2.3443
2.4386
2.74
2.9768]
spikeTimes{5}{7} = [2.3469
2.4477
2.6454
6.4995]
spikeTimes{5}{8} = [2.3743
2.5182
2.7784
2.9707]
spikeTimes{5}{9} = [2.3461
2.4285
2.5478]
spikeTimes{5}{10} = [2.3813
2.6538]
spikeTimes{5}{11} = [0.371337
1.35894
2.23592
2.34653
2.45715
2.57566
5.22242
5.83868]
spikeTimes{5}{12} = [1.23252
1.39844
1.78558
2.22012
2.39394
3.61856]
spikeTimes{5}{13} = [2.44134]
spikeTimes{5}{14} = [2.52035
3.31043]
spikeTimes{5}{15} = [2.44134
2.67047]
spikeTimes{5}{16} = [2.37024
2.55196]
spikeTimes{5}{17} = [0.410841
2.34451
2.52035
2.69417
2.86799
3.12081
5.94929]
spikeTimes{5}{18} = [2.35444
2.48875
2.62306
]
spikeTimes{5}{19} = [2.37024
2.56776]
spikeTimes{5}{20} = [2.02043
2.35201
2.42306
2.56517
3.08031
3.39413
3.51255
3.87966
5.79219]
spikeTimes{5}{21} = [1.2912]
spikeTimes{5}{22} = [0.976]
spikeTimes{5}{23} = [0.5396
4.3149
5.3513
5.5881 ]
spikeTimes{5}{24} = []
spikeTimes{5}{25} = [4.2832
6.9604]
spikeTimes{5}{26} = [1.9192
3.689
5.132
5.3082
6.0374
6.1863]
spikeTimes{5}{27} = [0.0652
0.2024
0.926
1.1042
1.8629
3.4377
3.7219
4.5642
4.795
5.6743
5.9042
6.5319]
spikeTimes{5}{28} = [4.3553
4.843
6.166
6.3037
6.3052]
spikeTimes{5}{29} = [0.9443
2.1474
3.2089]
spikeTimes{5}{30} = [0.0617
2.7973]

%% e51t1c1
% ep 5 and 6 have early stim artifact - all listed spikes are after
% stimulus
spikeTimes{6}{1} = [2.3254
2.5272]
spikeTimes{6}{2} = [2.3264
2.4354
2.8074]
spikeTimes{6}{3} = [2.3262 ]
spikeTimes{6}{4} = [2.3264
2.4934
2.5932]
spikeTimes{6}{5} = [2.2777
2.3832
2.5817
2.7822]
spikeTimes{6}{6} = [2.3164
2.4269]
spikeTimes{6}{7} = [2.3267
2.4738
2.6516]
spikeTimes{6}{8} = [2.3263
2.5304]
